<svg width="100%" height="100%" id="svg" viewBox="0 0 1440 590" xmlns="http://www.w3.org/2000/svg" class="transition duration-300 ease-in-out delay-150"><style>
          .path-0{
            animation:pathAnim-0 4s;
            animation-timing-function: linear;
            animation-iteration-count: infinite;
          }
          @keyframes pathAnim-0{
            0%{
              d: path("M 0,600 L 0,90 C 30.997866239016922,114.97329342154167 61.995732478033844,139.94658684308334 87,134 C 112.00426752196616,128.05341315691666 131.0149363268815,91.18694604920833 162,80 C 192.9850636731185,68.81305395079167 235.9445222144401,83.3056289600833 265,98 C 294.0554777855599,112.6943710399167 309.20697481535797,127.59053811045848 336,133 C 362.79302518464203,138.40946188954152 401.22757852412786,134.33221859808265 434,128 C 466.77242147587214,121.66778140191734 493.8827110881306,113.0805874972109 522,112 C 550.1172889118694,110.9194125027891 579.2415771233498,117.34543141307373 607,123 C 634.7584228766502,128.65456858692627 661.1509804184702,133.53768685049425 688,133 C 714.8490195815298,132.46231314950575 742.1545012027689,126.50382118494929 773,116 C 803.8454987972311,105.49617881505071 838.2310147704543,90.44702840970854 861,95 C 883.7689852295457,99.55297159029146 894.921439715414,123.70806517621654 923,114 C 951.078560284586,104.29193482378346 996.0832263678906,60.720710885425326 1030,62 C 1063.9167736321094,63.279289114574674 1086.745654813024,109.40909128208216 1114,124 C 1141.254345186976,138.59090871791784 1172.9341543800142,121.642923986246 1197,103 C 1221.0658456199858,84.357076013754 1237.5177276669194,64.01921277293377 1266,62 C 1294.4822723330806,59.98078722706623 1334.9949349523085,76.28022492201892 1366,84 C 1397.0050650476915,91.71977507798108 1418.5025325238457,90.85988753899053 1440,90 L 1440,600 L 0,600 Z");
            }
            25%{
              d: path("M 0,600 L 0,90 C 36.34439777426228,95.12820481114358 72.68879554852457,100.25640962228717 97,99 C 121.31120445147543,97.74359037771283 133.58921558016405,90.10256632199494 161,82 C 188.41078441983595,73.89743367800506 230.95434213081916,65.33332508973311 263,61 C 295.04565786918084,56.6666749102669 316.5934158965593,56.56413331907271 336,55 C 355.4065841034407,53.43586668092729 372.67199428294356,50.410141633976075 407,53 C 441.32800571705644,55.589858366023925 492.71860697166653,63.79530014502299 523,67 C 553.2813930283335,70.20469985497701 562.4535778303901,68.40865778593198 583,66 C 603.5464221696099,63.59134221406802 635.467081706773,60.570068711249085 667,56 C 698.532918293227,51.429931288750915 729.6780953425177,45.31106736907165 762,57 C 794.3219046574823,68.68893263092835 827.8205369231558,98.18566181246432 858,101 C 888.1794630768442,103.81433818753568 915.0397569648584,79.94628538107114 939,85 C 962.9602430351416,90.05371461892886 984.0204352174103,124.02919666325113 1007,130 C 1029.9795647825897,135.97080333674887 1054.8785021655008,113.93692796592443 1089,113 C 1123.1214978344992,112.06307203407557 1166.4655561205873,132.22309147305117 1195,125 C 1223.5344438794127,117.77690852694882 1237.2592733521496,83.17070614187084 1260,80 C 1282.7407266478504,76.82929385812916 1314.4973504708144,105.09408395946546 1346,112 C 1377.5026495291856,118.90591604053454 1408.751324764593,104.45295802026726 1440,90 L 1440,600 L 0,600 Z");
            }
            50%{
              d: path("M 0,600 L 0,90 C 32.15744910949781,106.81429778502525 64.31489821899562,123.62859557005049 93,112 C 121.68510178100438,100.37140442994951 146.89785623351534,60.299915504823275 176,63 C 205.10214376648466,65.70008449517672 238.09367684694303,111.1717424106564 269,125 C 299.906323153057,138.8282575893436 328.72743637871264,121.01311485255115 354,121 C 379.27256362128736,120.98688514744885 400.9965776382067,138.77579817913895 429,124 C 457.0034223617933,109.22420182086105 491.2862530684607,61.883692430893 519,58 C 546.7137469315393,54.116307569107 567.8584100879505,93.68943209728903 592,99 C 616.1415899120495,104.31056790271097 643.2801065797372,75.35857917995085 671,69 C 698.7198934202628,62.64142082004914 727.0211635931006,78.87625118290754 756,76 C 784.9788364068994,73.12374881709246 814.6352390478603,51.13641608841898 847,56 C 879.3647609521397,60.86358391158102 914.4378802154582,92.57808446341652 939,109 C 963.5621197845418,125.42191553658348 977.6132400903066,126.55124605791505 1001,115 C 1024.3867599096934,103.44875394208495 1057.1091594233158,79.2169313049233 1092,74 C 1126.8908405766842,68.7830686950767 1163.9501222164308,82.58102872239166 1196,92 C 1228.0498777835692,101.41897127760834 1255.090351710961,106.45895380550995 1282,112 C 1308.909648289039,117.54104619449005 1335.6884709397254,123.58315605556858 1362,120 C 1388.3115290602746,116.41684394443142 1414.1557645301373,103.20842197221572 1440,90 L 1440,600 L 0,600 Z");
            }
            75%{
              d: path("M 0,600 L 0,90 C 32.529684422524156,73.27038401958676 65.05936884504831,56.54076803917352 89,53 C 112.94063115495169,49.45923196082648 128.29220904233088,59.10731186289267 156,72 C 183.70779095766912,84.89268813710733 223.77179498562816,101.02998450925584 252,113 C 280.22820501437184,124.97001549074416 296.6206110151565,132.772750100084 322,119 C 347.3793889848435,105.22724989991599 381.745760953746,69.87901509040812 410,75 C 438.254239046254,80.12098490959188 460.3963451698594,125.71118953828355 495,129 C 529.6036548301406,132.28881046171645 576.6688583668163,93.27622675645766 607,70 C 637.3311416331837,46.72377324354234 650.9282213628754,39.183903435885796 675,60 C 699.0717786371246,80.8160965641142 733.6182561816817,129.9881594999991 765,129 C 796.3817438183183,128.0118405000009 824.598753910398,76.86345856411779 848,71 C 871.401246089602,65.13654143588221 889.986728176726,104.55800624352972 917,101 C 944.013271823274,97.44199375647028 979.4543333826982,50.90451646176331 1012,46 C 1044.5456666173018,41.09548353823669 1074.1959382924813,77.82392790941701 1102,81 C 1129.8040617075187,84.17607209058299 1155.7619134473762,53.79977190056864 1181,63 C 1206.2380865526238,72.20022809943136 1230.756407918014,120.97698448830843 1259,129 C 1287.243592081986,137.02301551169157 1319.2124548805673,104.29229014619759 1350,91 C 1380.7875451194327,77.70770985380241 1410.3937725597164,83.8538549269012 1440,90 L 1440,600 L 0,600 Z");
            }
            100%{
              d: path("M 0,600 L 0,90 C 30.997866239016922,114.97329342154167 61.995732478033844,139.94658684308334 87,134 C 112.00426752196616,128.05341315691666 131.0149363268815,91.18694604920833 162,80 C 192.9850636731185,68.81305395079167 235.9445222144401,83.3056289600833 265,98 C 294.0554777855599,112.6943710399167 309.20697481535797,127.59053811045848 336,133 C 362.79302518464203,138.40946188954152 401.22757852412786,134.33221859808265 434,128 C 466.77242147587214,121.66778140191734 493.8827110881306,113.0805874972109 522,112 C 550.1172889118694,110.9194125027891 579.2415771233498,117.34543141307373 607,123 C 634.7584228766502,128.65456858692627 661.1509804184702,133.53768685049425 688,133 C 714.8490195815298,132.46231314950575 742.1545012027689,126.50382118494929 773,116 C 803.8454987972311,105.49617881505071 838.2310147704543,90.44702840970854 861,95 C 883.7689852295457,99.55297159029146 894.921439715414,123.70806517621654 923,114 C 951.078560284586,104.29193482378346 996.0832263678906,60.720710885425326 1030,62 C 1063.9167736321094,63.279289114574674 1086.745654813024,109.40909128208216 1114,124 C 1141.254345186976,138.59090871791784 1172.9341543800142,121.642923986246 1197,103 C 1221.0658456199858,84.357076013754 1237.5177276669194,64.01921277293377 1266,62 C 1294.4822723330806,59.98078722706623 1334.9949349523085,76.28022492201892 1366,84 C 1397.0050650476915,91.71977507798108 1418.5025325238457,90.85988753899053 1440,90 L 1440,600 L 0,600 Z");
            }
          }</style><defs><linearGradient id="gradient" x1="0%" y1="50%" x2="100%" y2="50%"><stop offset="5%" stop-color="#F78DA7"></stop><stop offset="95%" stop-color="#8ED1FC"></stop></linearGradient></defs><path d="M 0,600 L 0,90 C 30.997866239016922,114.97329342154167 61.995732478033844,139.94658684308334 87,134 C 112.00426752196616,128.05341315691666 131.0149363268815,91.18694604920833 162,80 C 192.9850636731185,68.81305395079167 235.9445222144401,83.3056289600833 265,98 C 294.0554777855599,112.6943710399167 309.20697481535797,127.59053811045848 336,133 C 362.79302518464203,138.40946188954152 401.22757852412786,134.33221859808265 434,128 C 466.77242147587214,121.66778140191734 493.8827110881306,113.0805874972109 522,112 C 550.1172889118694,110.9194125027891 579.2415771233498,117.34543141307373 607,123 C 634.7584228766502,128.65456858692627 661.1509804184702,133.53768685049425 688,133 C 714.8490195815298,132.46231314950575 742.1545012027689,126.50382118494929 773,116 C 803.8454987972311,105.49617881505071 838.2310147704543,90.44702840970854 861,95 C 883.7689852295457,99.55297159029146 894.921439715414,123.70806517621654 923,114 C 951.078560284586,104.29193482378346 996.0832263678906,60.720710885425326 1030,62 C 1063.9167736321094,63.279289114574674 1086.745654813024,109.40909128208216 1114,124 C 1141.254345186976,138.59090871791784 1172.9341543800142,121.642923986246 1197,103 C 1221.0658456199858,84.357076013754 1237.5177276669194,64.01921277293377 1266,62 C 1294.4822723330806,59.98078722706623 1334.9949349523085,76.28022492201892 1366,84 C 1397.0050650476915,91.71977507798108 1418.5025325238457,90.85988753899053 1440,90 L 1440,600 L 0,600 Z" stroke="none" stroke-width="0" fill="url(#gradient)" fill-opacity="0.265" class="transition-all duration-300 ease-in-out delay-150 path-0"></path><style>
          .path-1{
            animation:pathAnim-1 4s;
            animation-timing-function: linear;
            animation-iteration-count: infinite;
          }
          @keyframes pathAnim-1{
            0%{
              d: path("M 0,600 L 0,210 C 34.382379176287245,214.62992509635134 68.76475835257449,219.2598501927027 98,214 C 127.23524164742551,208.7401498072973 151.3233457659893,193.5905243255406 174,198 C 196.6766542340107,202.4094756744594 217.94185858346833,226.37805250513495 247,237 C 276.05814141653167,247.62194749486505 312.90921990013743,244.8972656539197 339,237 C 365.09078009986257,229.1027343460803 380.42126181598206,216.03288487918624 409,213 C 437.57873818401794,209.96711512081376 479.4057328359345,216.97119482933533 514,212 C 548.5942671640655,207.02880517066467 575.95580684028,190.08233580347235 600,176 C 624.04419315972,161.91766419652765 644.7710398029451,150.69946195677522 668,169 C 691.2289601970549,187.30053804322478 716.9600339479392,235.11981636942673 750,244 C 783.0399660520608,252.88018363057327 823.3888244052979,222.82127256551792 850,212 C 876.6111755947021,201.17872743448208 889.4846684308693,209.5950933685017 918,222 C 946.5153315691307,234.4049066314983 990.6725018712252,250.79835396047548 1026,254 C 1061.3274981287748,257.2016460395245 1087.8253240842296,247.21149078959635 1113,242 C 1138.1746759157704,236.78850921040365 1162.026201791856,236.3556828811391 1187,221 C 1211.973798208144,205.6443171188609 1238.0698687483464,175.36577768584718 1264,181 C 1289.9301312516536,186.63422231415282 1315.6943232147582,228.18120637547221 1345,239 C 1374.3056767852418,249.81879362452779 1407.1528383926209,229.90939681226388 1440,210 L 1440,600 L 0,600 Z");
            }
            25%{
              d: path("M 0,600 L 0,210 C 33.74482782870499,222.78657377096508 67.48965565740998,235.57314754193015 90,240 C 112.51034434259002,244.42685245806985 123.78620519906508,240.49398360324446 154,241 C 184.21379480093492,241.50601639675554 233.36552354632965,246.45091804509192 267,240 C 300.63447645367035,233.54908195490808 318.7517006156163,215.70234421638796 339,215 C 359.2482993843837,214.29765578361204 381.6276739912053,230.73970508935628 409,233 C 436.3723260087947,235.26029491064372 468.73760341956256,223.33883542618707 500,214 C 531.2623965804374,204.66116457381293 561.4219123305448,197.9049532058955 594,203 C 626.5780876694552,208.0950467941045 661.5747472582584,225.04135175023094 688,238 C 714.4252527417416,250.95864824976906 732.2790986364217,259.9296397931806 757,249 C 781.7209013635783,238.07036020681934 813.3088581960546,207.2400890770465 846,206 C 878.6911418039454,204.7599109229535 912.4854685793593,233.11000389863358 944,247 C 975.5145314206407,260.8899961013664 1004.7492674865075,260.3198953284194 1030,254 C 1055.2507325134925,247.68010467158058 1076.51746147461,235.61041478768874 1101,237 C 1125.48253852539,238.38958521231126 1153.180886615053,253.23844552082568 1178,241 C 1202.819113384947,228.76155447917432 1224.758992065178,189.43580312900846 1255,189 C 1285.241007934822,188.56419687099154 1323.7831451242348,227.01834196314044 1356,237 C 1388.2168548757652,246.98165803685956 1414.1084274378827,228.4908290184298 1440,210 L 1440,600 L 0,600 Z");
            }
            50%{
              d: path("M 0,600 L 0,210 C 30.909656221560063,200.4599286457547 61.819312443120126,190.91985729150943 90,191 C 118.18068755687987,191.08014270849057 143.63240644907953,200.78049947971698 167,213 C 190.36759355092047,225.21950052028302 211.6510617605618,239.95814478962257 245,244 C 278.3489382394382,248.04185521037743 323.7633465086735,241.38692136179273 351,243 C 378.2366534913265,244.61307863820727 387.2955522047442,254.49416976320668 413,252 C 438.7044477952558,249.50583023679332 481.05444467235,234.63639958538056 517,235 C 552.94555532765,235.36360041461944 582.4866691058558,250.9602318952711 604,237 C 625.5133308941442,223.0397681047289 638.9988789042271,179.522672833535 666,172 C 693.0011210957729,164.477327166465 733.5178152772359,192.94907677058885 768,210 C 802.4821847227641,227.05092322941115 830.9298599868298,232.68102008410963 856,238 C 881.0701400131702,243.31897991589037 902.762744775445,248.32684289297265 929,243 C 955.237255224555,237.67315710702735 986.0191609113908,222.01160834399994 1014,225 C 1041.9808390886092,227.98839165600006 1067.160611578992,249.62672373102765 1094,251 C 1120.839388421008,252.37327626897235 1149.338392772641,233.48149673188948 1178,217 C 1206.661607227359,200.51850326811052 1235.4858173304428,186.44728934141438 1263,196 C 1290.5141826695572,205.55271065858562 1316.7183379055875,238.72934590245302 1346,245 C 1375.2816620944125,251.27065409754698 1407.6408310472061,230.6353270487735 1440,210 L 1440,600 L 0,600 Z");
            }
            75%{
              d: path("M 0,600 L 0,210 C 27.777504532955042,213.6962575204177 55.555009065910085,217.3925150408354 86,227 C 116.44499093408992,236.6074849591646 149.5574682693147,252.12619735707605 180,254 C 210.4425317306853,255.87380264292395 238.21511785683094,244.10269553086044 265,226 C 291.78488214316906,207.89730446913956 317.58206030336146,183.46302051948211 347,181 C 376.41793969663854,178.53697948051789 409.45664092972333,198.04522239121113 435,213 C 460.54335907027667,227.95477760878887 478.5913759777452,238.3560899156733 502,226 C 525.4086240222548,213.6439100843267 554.1778551592959,178.5304179460956 582,169 C 609.8221448407041,159.4695820539044 636.6972033850718,175.52223829994426 670,196 C 703.3027966149282,216.47776170005574 743.0333313004172,241.3806288541274 773,235 C 802.9666686995828,228.6193711458726 823.169471413259,190.95524628354624 852,187 C 880.830528586741,183.04475371645376 918.2887830465464,212.79838601168763 944,214 C 969.7112169534536,215.20161398831237 983.6753964005554,187.85120966970328 1009,182 C 1034.3246035994446,176.14879033029672 1071.0096313512322,191.7967753094994 1102,192 C 1132.9903686487678,192.2032246905006 1158.286078194515,176.96168909229914 1188,173 C 1217.713921805485,169.03831090770086 1251.8460558707075,176.35646832130408 1278,182 C 1304.1539441292925,187.64353167869592 1322.329698322655,191.61243762248455 1348,196 C 1373.670301677345,200.38756237751545 1406.8351508386725,205.19378118875773 1440,210 L 1440,600 L 0,600 Z");
            }
            100%{
              d: path("M 0,600 L 0,210 C 34.382379176287245,214.62992509635134 68.76475835257449,219.2598501927027 98,214 C 127.23524164742551,208.7401498072973 151.3233457659893,193.5905243255406 174,198 C 196.6766542340107,202.4094756744594 217.94185858346833,226.37805250513495 247,237 C 276.05814141653167,247.62194749486505 312.90921990013743,244.8972656539197 339,237 C 365.09078009986257,229.1027343460803 380.42126181598206,216.03288487918624 409,213 C 437.57873818401794,209.96711512081376 479.4057328359345,216.97119482933533 514,212 C 548.5942671640655,207.02880517066467 575.95580684028,190.08233580347235 600,176 C 624.04419315972,161.91766419652765 644.7710398029451,150.69946195677522 668,169 C 691.2289601970549,187.30053804322478 716.9600339479392,235.11981636942673 750,244 C 783.0399660520608,252.88018363057327 823.3888244052979,222.82127256551792 850,212 C 876.6111755947021,201.17872743448208 889.4846684308693,209.5950933685017 918,222 C 946.5153315691307,234.4049066314983 990.6725018712252,250.79835396047548 1026,254 C 1061.3274981287748,257.2016460395245 1087.8253240842296,247.21149078959635 1113,242 C 1138.1746759157704,236.78850921040365 1162.026201791856,236.3556828811391 1187,221 C 1211.973798208144,205.6443171188609 1238.0698687483464,175.36577768584718 1264,181 C 1289.9301312516536,186.63422231415282 1315.6943232147582,228.18120637547221 1345,239 C 1374.3056767852418,249.81879362452779 1407.1528383926209,229.90939681226388 1440,210 L 1440,600 L 0,600 Z");
            }
          }</style><defs><linearGradient id="gradient" x1="0%" y1="50%" x2="100%" y2="50%"><stop offset="5%" stop-color="#F78DA7"></stop><stop offset="95%" stop-color="#8ED1FC"></stop></linearGradient></defs><path d="M 0,600 L 0,210 C 34.382379176287245,214.62992509635134 68.76475835257449,219.2598501927027 98,214 C 127.23524164742551,208.7401498072973 151.3233457659893,193.5905243255406 174,198 C 196.6766542340107,202.4094756744594 217.94185858346833,226.37805250513495 247,237 C 276.05814141653167,247.62194749486505 312.90921990013743,244.8972656539197 339,237 C 365.09078009986257,229.1027343460803 380.42126181598206,216.03288487918624 409,213 C 437.57873818401794,209.96711512081376 479.4057328359345,216.97119482933533 514,212 C 548.5942671640655,207.02880517066467 575.95580684028,190.08233580347235 600,176 C 624.04419315972,161.91766419652765 644.7710398029451,150.69946195677522 668,169 C 691.2289601970549,187.30053804322478 716.9600339479392,235.11981636942673 750,244 C 783.0399660520608,252.88018363057327 823.3888244052979,222.82127256551792 850,212 C 876.6111755947021,201.17872743448208 889.4846684308693,209.5950933685017 918,222 C 946.5153315691307,234.4049066314983 990.6725018712252,250.79835396047548 1026,254 C 1061.3274981287748,257.2016460395245 1087.8253240842296,247.21149078959635 1113,242 C 1138.1746759157704,236.78850921040365 1162.026201791856,236.3556828811391 1187,221 C 1211.973798208144,205.6443171188609 1238.0698687483464,175.36577768584718 1264,181 C 1289.9301312516536,186.63422231415282 1315.6943232147582,228.18120637547221 1345,239 C 1374.3056767852418,249.81879362452779 1407.1528383926209,229.90939681226388 1440,210 L 1440,600 L 0,600 Z" stroke="none" stroke-width="0" fill="url(#gradient)" fill-opacity="0.4" class="transition-all duration-300 ease-in-out delay-150 path-1"></path><style>
          .path-2{
            animation:pathAnim-2 4s;
            animation-timing-function: linear;
            animation-iteration-count: infinite;
          }
          @keyframes pathAnim-2{
            0%{
              d: path("M 0,600 L 0,330 C 31.053453364128778,312.84823431962354 62.106906728257556,295.69646863924714 93,294 C 123.89309327174244,292.30353136075286 154.62582645109856,306.0623597626349 183,317 C 211.37417354890144,327.9376402373651 237.38978746734813,336.05409231021326 258,329 C 278.6102125326519,321.94590768978674 293.81502367950907,299.7212709965119 326,307 C 358.18497632049093,314.2787290034881 407.3501178146157,351.060823703739 435,368 C 462.6498821853843,384.939176296261 468.7845050620281,382.03543418853195 497,362 C 525.2154949379719,341.96456581146805 575.5118619372719,304.7974395421331 606,306 C 636.4881380627281,307.2025604578669 647.1680471888843,346.77480764293597 673,353 C 698.8319528111157,359.22519235706403 739.8159493071905,332.103329886123 771,329 C 802.1840506928095,325.896670113877 823.5681555823536,346.811872812572 849,357 C 874.4318444176464,367.188127187428 903.9114283633955,366.64917886358893 932,351 C 960.0885716366045,335.35082113641107 986.7861309640643,304.5914117330724 1013,310 C 1039.2138690359357,315.4085882669276 1064.9440477803475,356.9851742041215 1099,368 C 1133.0559522196525,379.0148257958785 1175.437677914546,359.46789145044164 1201,353 C 1226.562322085454,346.53210854955836 1235.3052405614685,353.1432599941119 1263,348 C 1290.6947594385315,342.8567400058881 1337.3413598395805,325.95906857311087 1370,321 C 1402.6586401604195,316.04093142688913 1421.3293200802098,323.02046571344454 1440,330 L 1440,600 L 0,600 Z");
            }
            25%{
              d: path("M 0,600 L 0,330 C 27.613562480699834,325.775026742128 55.22712496139967,321.55005348425595 83,320 C 110.77287503860033,318.44994651574405 138.7050626351012,319.57481280510405 168,323 C 197.2949373648988,326.42518719489595 227.95262449819552,332.150695295328 260,334 C 292.0473755018045,335.849304704672 325.48443937211664,333.8224060135839 350,339 C 374.51556062788336,344.1775939864161 390.1096180133379,356.55968065033653 419,360 C 447.8903819866621,363.44031934966347 490.07708857453144,357.9388713850702 517,345 C 543.9229114254686,332.0611286149298 555.5820276885366,311.6848338093828 581,318 C 606.4179723114634,324.3151661906172 645.5948006713221,357.3217933773987 678,362 C 710.4051993286779,366.6782066226013 736.0387696261745,343.0279926810225 762,331 C 787.9612303738255,318.9720073189775 814.2501208239797,318.56623589851114 843,314 C 871.7498791760203,309.43376410148886 902.9607470779061,300.7070637249328 937,316 C 971.0392529220939,331.2929362750672 1007.9068908643953,370.60550920175746 1029,368 C 1050.0931091356047,365.39449079824254 1055.4116894645128,320.87089946803735 1085,315 C 1114.5883105354872,309.12910053196265 1168.4463512775528,341.910892926093 1197,347 C 1225.5536487224472,352.089107073907 1228.8029054252743,329.4855288275903 1256,320 C 1283.1970945747257,310.5144711724097 1334.34202702135,314.1469917635456 1369,318 C 1403.65797297865,321.8530082364544 1421.828986489325,325.9265041182272 1440,330 L 1440,600 L 0,600 Z");
            }
            50%{
              d: path("M 0,600 L 0,330 C 24.21030837931597,342.78422504875573 48.42061675863194,355.5684500975115 76,350 C 103.57938324136806,344.4315499024885 134.52784134478821,320.5104246587097 164,308 C 193.47215865521179,295.4895753412903 221.46801786221528,294.3898512676497 252,294 C 282.5319821377847,293.6101487323503 315.6000872063504,293.93017027069146 348,310 C 380.3999127936496,326.06982972930854 412.1316333123831,357.88946764958456 435,373 C 457.8683666876169,388.11053235041544 471.87337954411737,386.5119591309703 500,372 C 528.1266204558826,357.4880408690297 570.3748485111478,330.06269582653425 598,323 C 625.6251514888522,315.93730417346575 638.6272264112914,329.2372575628925 666,324 C 693.3727735887086,318.7627424371075 735.1162458436866,294.9882739218957 765,297 C 794.8837541563134,299.0117260781043 812.9077902139626,326.80964674952446 843,345 C 873.0922097860374,363.19035325047554 915.2525933004632,371.7731390800064 947,368 C 978.7474066995368,364.2268609199936 1000.081836584184,348.0977969304498 1024,341 C 1047.918163415816,333.9022030695502 1074.4200603628015,335.8356731981944 1104,325 C 1133.5799396371985,314.1643268018056 1166.2379219646095,290.55951027677264 1190,293 C 1213.7620780353905,295.44048972322736 1228.628251778759,323.92628569471503 1258,329 C 1287.371748221241,334.07371430528497 1331.2490709203544,315.7353469443671 1364,312 C 1396.7509290796456,308.2646530556329 1418.3754645398228,319.1323265278164 1440,330 L 1440,600 L 0,600 Z");
            }
            75%{
              d: path("M 0,600 L 0,330 C 25.132870559557155,305.9520877921091 50.26574111911431,281.90417558421825 79,288 C 107.73425888088569,294.09582441578175 140.06990608309994,330.3353854552361 166,331 C 191.93009391690006,331.6646145447639 211.45463454848596,296.7542825948374 239,297 C 266.54536545151404,297.2457174051626 302.11155572295615,332.64748416541437 336,348 C 369.88844427704385,363.35251583458563 402.09914255968965,358.6557807435051 429,350 C 455.90085744031035,341.3442192564949 477.49187403828546,328.7293928605655 509,326 C 540.5081259617145,323.2706071394345 581.9333612871685,330.42664781423275 606,328 C 630.0666387128315,325.57335218576725 636.7746808130403,313.56401588250344 666,315 C 695.2253191869597,316.43598411749656 746.9679154606703,331.3172886557533 777,333 C 807.0320845393297,334.6827113442467 815.353657344279,323.1668294944833 843,316 C 870.646342655721,308.8331705055167 917.6174551622132,306.0153933663136 945,310 C 972.3825448377868,313.9846066336864 980.1765220068683,324.77159704026235 1007,338 C 1033.8234779931317,351.22840295973765 1079.6764568103144,366.898218472637 1110,358 C 1140.3235431896856,349.101781527363 1155.1176507518744,315.63552906919006 1178,313 C 1200.8823492481256,310.36447093080994 1231.852940182188,338.5596652506026 1260,342 C 1288.147059817812,345.4403347493974 1313.4705885193748,324.12580992839924 1343,318 C 1372.5294114806252,311.87419007160076 1406.2647057403126,320.9370950358004 1440,330 L 1440,600 L 0,600 Z");
            }
            100%{
              d: path("M 0,600 L 0,330 C 31.053453364128778,312.84823431962354 62.106906728257556,295.69646863924714 93,294 C 123.89309327174244,292.30353136075286 154.62582645109856,306.0623597626349 183,317 C 211.37417354890144,327.9376402373651 237.38978746734813,336.05409231021326 258,329 C 278.6102125326519,321.94590768978674 293.81502367950907,299.7212709965119 326,307 C 358.18497632049093,314.2787290034881 407.3501178146157,351.060823703739 435,368 C 462.6498821853843,384.939176296261 468.7845050620281,382.03543418853195 497,362 C 525.2154949379719,341.96456581146805 575.5118619372719,304.7974395421331 606,306 C 636.4881380627281,307.2025604578669 647.1680471888843,346.77480764293597 673,353 C 698.8319528111157,359.22519235706403 739.8159493071905,332.103329886123 771,329 C 802.1840506928095,325.896670113877 823.5681555823536,346.811872812572 849,357 C 874.4318444176464,367.188127187428 903.9114283633955,366.64917886358893 932,351 C 960.0885716366045,335.35082113641107 986.7861309640643,304.5914117330724 1013,310 C 1039.2138690359357,315.4085882669276 1064.9440477803475,356.9851742041215 1099,368 C 1133.0559522196525,379.0148257958785 1175.437677914546,359.46789145044164 1201,353 C 1226.562322085454,346.53210854955836 1235.3052405614685,353.1432599941119 1263,348 C 1290.6947594385315,342.8567400058881 1337.3413598395805,325.95906857311087 1370,321 C 1402.6586401604195,316.04093142688913 1421.3293200802098,323.02046571344454 1440,330 L 1440,600 L 0,600 Z");
            }
          }</style><defs><linearGradient id="gradient" x1="0%" y1="50%" x2="100%" y2="50%"><stop offset="5%" stop-color="#F78DA7"></stop><stop offset="95%" stop-color="#8ED1FC"></stop></linearGradient></defs><path d="M 0,600 L 0,330 C 31.053453364128778,312.84823431962354 62.106906728257556,295.69646863924714 93,294 C 123.89309327174244,292.30353136075286 154.62582645109856,306.0623597626349 183,317 C 211.37417354890144,327.9376402373651 237.38978746734813,336.05409231021326 258,329 C 278.6102125326519,321.94590768978674 293.81502367950907,299.7212709965119 326,307 C 358.18497632049093,314.2787290034881 407.3501178146157,351.060823703739 435,368 C 462.6498821853843,384.939176296261 468.7845050620281,382.03543418853195 497,362 C 525.2154949379719,341.96456581146805 575.5118619372719,304.7974395421331 606,306 C 636.4881380627281,307.2025604578669 647.1680471888843,346.77480764293597 673,353 C 698.8319528111157,359.22519235706403 739.8159493071905,332.103329886123 771,329 C 802.1840506928095,325.896670113877 823.5681555823536,346.811872812572 849,357 C 874.4318444176464,367.188127187428 903.9114283633955,366.64917886358893 932,351 C 960.0885716366045,335.35082113641107 986.7861309640643,304.5914117330724 1013,310 C 1039.2138690359357,315.4085882669276 1064.9440477803475,356.9851742041215 1099,368 C 1133.0559522196525,379.0148257958785 1175.437677914546,359.46789145044164 1201,353 C 1226.562322085454,346.53210854955836 1235.3052405614685,353.1432599941119 1263,348 C 1290.6947594385315,342.8567400058881 1337.3413598395805,325.95906857311087 1370,321 C 1402.6586401604195,316.04093142688913 1421.3293200802098,323.02046571344454 1440,330 L 1440,600 L 0,600 Z" stroke="none" stroke-width="0" fill="url(#gradient)" fill-opacity="0.53" class="transition-all duration-300 ease-in-out delay-150 path-2"></path><style>
          .path-3{
            animation:pathAnim-3 4s;
            animation-timing-function: linear;
            animation-iteration-count: infinite;
          }
          @keyframes pathAnim-3{
            0%{
              d: path("M 0,600 L 0,450 C 28.610621201662916,457.1081722465065 57.22124240332583,464.216344493013 85,462 C 112.77875759667417,459.783655506987 139.7256515883596,448.2427942744544 171,443 C 202.2743484116404,437.7572057255456 237.87615124323565,438.8124784091692 264,437 C 290.12384875676435,435.1875215908308 306.76974343869773,430.507292088869 333,436 C 359.23025656130227,441.492707911131 395.0448750019734,457.15835323535504 422,461 C 448.9551249980266,464.84164676464496 467.05075655340863,456.859294969711 494,452 C 520.9492434465914,447.140705030289 556.7520987843918,445.4044668858009 586,436 C 615.2479012156082,426.5955331141991 637.9408483090243,409.5228374870854 670,409 C 702.0591516909757,408.4771625129146 743.4845079795102,424.50418316585757 776,448 C 808.5154920204898,471.49581683414243 832.1211197729347,502.4604298494844 859,488 C 885.8788802270653,473.5395701505156 916.0310129287515,413.65409743620523 943,411 C 969.9689870712485,408.34590256379477 993.7548285120592,462.9231804056948 1020,486 C 1046.2451714879408,509.0768195943052 1074.9496730230117,500.6531809410155 1105,475 C 1135.0503269769883,449.3468190589845 1166.446479395894,406.4640958302432 1196,412 C 1225.553520604106,417.5359041697568 1253.2644093934134,471.49043573801146 1280,486 C 1306.7355906065866,500.50956426198854 1332.4958830304533,475.574161217711 1359,463 C 1385.5041169695467,450.425838782289 1412.7520584847734,450.2129193911445 1440,450 L 1440,600 L 0,600 Z");
            }
            25%{
              d: path("M 0,600 L 0,450 C 25.328742314283204,429.80404073326196 50.65748462856641,409.6080814665239 79,412 C 107.34251537143359,414.3919185334761 138.69880380001757,439.37171486716625 169,453 C 199.30119619998243,466.62828513283375 228.5473001713633,468.9050590648113 254,458 C 279.4526998286367,447.0949409351887 301.11199551452904,423.00804887358834 324,414 C 346.88800448547096,404.99195112641166 371.00471777052064,411.06274544083544 407,411 C 442.99528222947936,410.93725455916456 490.86913340338845,404.74096936306967 521,422 C 551.1308665966116,439.25903063693033 563.5187486159253,479.9733771068856 588,479 C 612.4812513840747,478.0266228931144 649.0558721329102,435.3655222093879 680,414 C 710.9441278670898,392.6344777906121 736.257762852434,392.5645340555627 762,417 C 787.742237147566,441.4354659444373 813.9130764573539,490.3763415683612 843,490 C 872.0869235426461,489.6236584316388 904.0899313181504,439.9300996709925 934,435 C 963.9100686818496,430.0699003290075 991.7271982700443,469.9032597476689 1018,489 C 1044.2728017299557,508.0967402523311 1069.0012756016733,506.4568613383318 1093,483 C 1116.9987243983267,459.5431386616682 1140.2676993232628,414.2692948990038 1171,417 C 1201.7323006767372,419.7307051009962 1239.927927105275,470.4659590656528 1270,492 C 1300.072072894725,513.5340409343472 1322.0205922556356,505.86686883838496 1349,494 C 1375.9794077443644,482.13313116161504 1407.9897038721822,466.0665655808075 1440,450 L 1440,600 L 0,600 Z");
            }
            50%{
              d: path("M 0,600 L 0,450 C 19.454650093710548,453.62082706690774 38.909300187421096,457.2416541338154 72,455 C 105.0906998125789,452.7583458661846 151.8174493440262,444.65421053164596 180,456 C 208.1825506559738,467.34578946835404 217.82090243647406,498.14150373960075 239,488 C 260.17909756352594,477.85849626039925 292.8989409100777,426.77977450995115 330,408 C 367.1010590899223,389.22022549004885 408.5833339232152,402.7393982205944 435,412 C 461.4166660767848,421.2606017794056 472.7677233970617,426.2626326076713 494,433 C 515.2322766029383,439.7373673923287 546.3457724885385,448.21007134872053 580,461 C 613.6542275114615,473.78992865127947 649.8491866487842,490.8970819974465 679,481 C 708.1508133512158,471.1029180025535 730.2574809163249,434.20160066149356 755,431 C 779.7425190836751,427.79839933850644 807.1208896859164,458.29651535657916 835,454 C 862.8791103140836,449.70348464342084 891.2589603400094,410.61233791218996 919,406 C 946.7410396599906,401.38766208781004 973.8432689540464,431.2541329946612 1005,436 C 1036.1567310459536,440.7458670053388 1071.3679638438055,420.37113010916534 1105,410 C 1138.6320361561945,399.62886989083466 1170.6848756707325,399.26134656867725 1194,414 C 1217.3151243292675,428.73865343132275 1231.8925334732642,458.58348361612536 1255,470 C 1278.1074665267358,481.41651638387464 1309.74499043621,474.40471896682135 1342,468 C 1374.25500956379,461.59528103317865 1407.127504781895,455.79764051658935 1440,450 L 1440,600 L 0,600 Z");
            }
            75%{
              d: path("M 0,600 L 0,450 C 29.690400145345492,471.67207076059856 59.380800290690985,493.3441415211972 88,483 C 116.61919970930902,472.6558584788028 144.16719898258154,430.2955046758099 170,419 C 195.83280101741846,407.7044953241901 219.95040377898277,427.47383977556325 246,436 C 272.0495962210172,444.52616022443675 300.03118590148745,441.809136221937 330,446 C 359.96881409851255,450.190863778063 391.9248526150674,461.2896153366888 420,468 C 448.0751473849326,474.7103846633112 472.2694036382428,477.03240243130745 505,468 C 537.7305963617572,458.96759756869255 578.9975328319616,438.5807749380813 604,429 C 629.0024671680384,419.4192250619187 637.7404650339112,420.6444978163675 667,415 C 696.2595349660888,409.3555021836325 746.040607032394,396.8412337964488 775,406 C 803.959392967606,415.1587662035512 812.0971068365133,445.9905669978372 833,453 C 853.9028931634867,460.0094330021628 887.5709656215531,443.1964982122019 922,434 C 956.4290343784469,424.8035017877981 991.6190306772742,423.2234401533552 1024,425 C 1056.3809693227258,426.7765598466448 1085.9529116693493,431.9097411743772 1114,438 C 1142.0470883306507,444.0902588256228 1168.569322645329,451.13759514913596 1194,442 C 1219.430677354671,432.86240485086404 1243.7697977493344,407.5398782290788 1267,409 C 1290.2302022506656,410.4601217709212 1312.351486357333,438.7028919345489 1341,450 C 1369.648513642667,461.2971080654511 1404.8242568213336,455.64855403272554 1440,450 L 1440,600 L 0,600 Z");
            }
            100%{
              d: path("M 0,600 L 0,450 C 28.610621201662916,457.1081722465065 57.22124240332583,464.216344493013 85,462 C 112.77875759667417,459.783655506987 139.7256515883596,448.2427942744544 171,443 C 202.2743484116404,437.7572057255456 237.87615124323565,438.8124784091692 264,437 C 290.12384875676435,435.1875215908308 306.76974343869773,430.507292088869 333,436 C 359.23025656130227,441.492707911131 395.0448750019734,457.15835323535504 422,461 C 448.9551249980266,464.84164676464496 467.05075655340863,456.859294969711 494,452 C 520.9492434465914,447.140705030289 556.7520987843918,445.4044668858009 586,436 C 615.2479012156082,426.5955331141991 637.9408483090243,409.5228374870854 670,409 C 702.0591516909757,408.4771625129146 743.4845079795102,424.50418316585757 776,448 C 808.5154920204898,471.49581683414243 832.1211197729347,502.4604298494844 859,488 C 885.8788802270653,473.5395701505156 916.0310129287515,413.65409743620523 943,411 C 969.9689870712485,408.34590256379477 993.7548285120592,462.9231804056948 1020,486 C 1046.2451714879408,509.0768195943052 1074.9496730230117,500.6531809410155 1105,475 C 1135.0503269769883,449.3468190589845 1166.446479395894,406.4640958302432 1196,412 C 1225.553520604106,417.5359041697568 1253.2644093934134,471.49043573801146 1280,486 C 1306.7355906065866,500.50956426198854 1332.4958830304533,475.574161217711 1359,463 C 1385.5041169695467,450.425838782289 1412.7520584847734,450.2129193911445 1440,450 L 1440,600 L 0,600 Z");
            }
          }</style><defs><linearGradient id="gradient" x1="0%" y1="50%" x2="100%" y2="50%"><stop offset="5%" stop-color="#F78DA7"></stop><stop offset="95%" stop-color="#8ED1FC"></stop></linearGradient></defs><path d="M 0,600 L 0,450 C 28.610621201662916,457.1081722465065 57.22124240332583,464.216344493013 85,462 C 112.77875759667417,459.783655506987 139.7256515883596,448.2427942744544 171,443 C 202.2743484116404,437.7572057255456 237.87615124323565,438.8124784091692 264,437 C 290.12384875676435,435.1875215908308 306.76974343869773,430.507292088869 333,436 C 359.23025656130227,441.492707911131 395.0448750019734,457.15835323535504 422,461 C 448.9551249980266,464.84164676464496 467.05075655340863,456.859294969711 494,452 C 520.9492434465914,447.140705030289 556.7520987843918,445.4044668858009 586,436 C 615.2479012156082,426.5955331141991 637.9408483090243,409.5228374870854 670,409 C 702.0591516909757,408.4771625129146 743.4845079795102,424.50418316585757 776,448 C 808.5154920204898,471.49581683414243 832.1211197729347,502.4604298494844 859,488 C 885.8788802270653,473.5395701505156 916.0310129287515,413.65409743620523 943,411 C 969.9689870712485,408.34590256379477 993.7548285120592,462.9231804056948 1020,486 C 1046.2451714879408,509.0768195943052 1074.9496730230117,500.6531809410155 1105,475 C 1135.0503269769883,449.3468190589845 1166.446479395894,406.4640958302432 1196,412 C 1225.553520604106,417.5359041697568 1253.2644093934134,471.49043573801146 1280,486 C 1306.7355906065866,500.50956426198854 1332.4958830304533,475.574161217711 1359,463 C 1385.5041169695467,450.425838782289 1412.7520584847734,450.2129193911445 1440,450 L 1440,600 L 0,600 Z" stroke="none" stroke-width="0" fill="url(#gradient)" fill-opacity="1" class="transition-all duration-300 ease-in-out delay-150 path-3"></path></svg>
